ID	ID_MAXIMO	latitude	longitude	Night_shift	Type_halte	Cleaning_time_20	Cleaning_time_code	Cleaning_time_abri	Cleaning_time_abri3b
0	Depot	52.0653854823115	4.34894911389561	100	NA	0	0	0	0
1	HLS0138	52.050768	4.376993	0	Bushalte	20	20	20	15
2	HLS0140	52.046627	4.370949	0	Bushalte	20	20	20	15
3	HLS0172	52.043238	4.3647	0	Bushalte	20	20	20	15
4	HLS0131	52.02779	4.362007	0	Bushalte	20	20	20	15
5	HLS0130	52.028034	4.362162	0	Bushalte	20	20	13	8
6	HLS0219	52.031948	4.366838	0	Bushalte	20	20	20	15
7	HLS0218	52.031941	4.367013	0	Bushalte	20	20	20	15
8	HLS0127	52.035513	4.374758	0	Bushalte	20	20	20	15
9	HLS0126	52.035507	4.375093	0	Bushalte	20	20	13	8
10	HLS0336	52.032287	4.383181	0	Bushalte	20	20	13	8
11	HLS0337	52.032376	4.383063	0	Bushalte	20	20	13	8
12	HLS0141	52.046673	4.371153	0	Bushalte	20	20	20	15
13	HLS0139	52.05086	4.377239	0	Bushalte	20	20	20	15
14	HLS0163	52.062058	4.415457	0	Bushalte	20	20	20	15
15	HLS0207	52.059075	4.416644	0	Bushalte	20	20	20	15
16	HLS0206	52.05912	4.416687	0	Bushalte	20	20	20	15
17	HLS0164	52.062148	4.41544	0	Bushalte	20	20	20	15
18	HLS0133	52.065427	4.410877	0	Bushalte	20	20	20	15
19	HLS0132	52.065791	4.410286	0	Bushalte	20	20	13	8
20	HLS0214	52.068105	4.406458	0	Bushalte	20	20	20	15
21	HLS0215	52.06813	4.406224	0	Bushalte	20	20	20	15
22	HLT7119	52.067093	4.352312	0	Bushalte	20	20	20	15
23	HLT7120	52.066961	4.352534	0	Bushalte	20	20	13	8
24	HLT3907	52.0667989654997	4.34064110329787	0	Bushalte	20	15	20	15
25	HLT3908	52.067071	4.340601	0	Bushalte	20	20	13	8
26	HLS0184	52.034491	4.283969	0	Bushalte	20	20	20	15
27	HLS0155	52.031265	4.285972	0	Bushalte	20	20	20	15
28	HLS0194	52.026368	4.29007	0	Bushalte	20	20	20	15
29	HLS0161	52.022661	4.293527	0	Bushalte	20	20	20	15
30	HLS0198	52.019862	4.297951	0	Bushalte	20	20	20	15
31	HLS0202	52.018264	4.302055	0	Bushalte	20	20	20	15
32	HLS0203	52.018755	4.301737	0	Bushalte	20	20	20	15
33	HLS0199	52.020822	4.296792	0	Bushalte	20	20	20	15
34	HLS0162	52.023167	4.293806	0	Bushalte	20	20	20	15
35	HLS0195	52.026727	4.289974	0	Bushalte	20	20	20	15
36	HLS0156	52.031549	4.286533	0	Bushalte	20	20	20	15
37	HLS0185	52.03461	4.284155	0	Bushalte	20	20	20	15
38	HLT3343	52.0360149317233	4.271386624325	0	Bushalte	20	15	13	8
39	HLT3340	52.033319918307	4.2660258276495	0	Bushalte	20	15	13	8
40	HLT3371	52.033243	4.267006	0	Bushalte	20	20	13	8
41	HLT3357	52.0305256626575	4.26051893417767	0	Bushalte	20	15	20	15
42	HLT3339	52.0309099898917	4.26120043377742	0	Bushalte	20	15	20	15
43	HLT3341	52.0337477588673	4.26740594541066	0	Bushalte	20	15	20	15
44	HLT3342	52.0359325997125	4.27168317229995	0	Bushalte	20	15	20	15
45	HLT3612	52.0444938985215	4.29001010596668	0	Bushalte	20	15	20	15
46	HLT3613	52.0440387053657	4.29118082368249	0	Bushalte	20	15	20	15
47	HLS0142	52.047793	4.30322	0	Bushalte	20	20	20	15
48	HLS0143	52.046972	4.303809	0	Bushalte	20	20	20	15
49	HLT4015	52.040322	4.285574	0	Bushalte	20	20	20	15
50	HLT4016	52.040044	4.28561	0	Bushalte	20	20	20	15
51	HLT3912	52.069903	4.336626	0	Bushalte	20	20	13	8
52	HLT3903	52.0729117774667	4.33330205409404	0	Bushalte	20	15	13	8
53	HLT3904	52.0716611773701	4.33434179462147	0	Bushalte	20	15	13	8
54	HLT3906	52.0701556590412	4.3364707744107	0	Bushalte	20	15	20	15
55	HLT3905	52.0689586013162	4.33705246394757	0	Bushalte	20	15	20	15
56	HLS0307	52.022319	4.269523	0	Bushalte	20	20	13	8
57	HLS0308	52.022127	4.269222	0	Bushalte	20	20	13	8
58	HLS0309	52.02369	4.274822	0	Bushalte	20	20	13	8
59	HLS0304	52.02547	4.281466	0	Bushalte	20	20	13	8
60	HLS0305	52.025301	4.280727	0	Bushalte	20	20	13	8
61	HLS0235	52.100359	4.36135	0	Bushalte	20	20	20	15
62	HLS0236	52.100355	4.360956	0	Bushalte	20	20	20	15
63	HLS0152	52.098631	4.358048	0	Bushalte	20	20	20	15
64	HLS0205	52.093316	4.349589	0	Bushalte	20	20	20	15
65	HLS0129	52.090202	4.339957	0	Bushalte	20	20	20	15
66	HLS0183	52.087325	4.333882	0	Bushalte	20	20	13	8
67	HLS0125	52.084834	4.328673	0	Bushalte	20	20	13	8
68	HLS0362	52.092507	4.331293	0	Bushalte	20	20	20	15
69	HLS0366	52.094361	4.335599	0	Bushalte	20	20	13	8
70	HLS0367	52.09932	4.347509	0	Bushalte	20	20	13	8
71	HLS0365	52.105005	4.358149	0	Bushalte	20	20	13	8
72	HLS0368	52.099103	4.346273	0	Bushalte	20	20	20	15
73	HLS0364	52.094274	4.334929	0	Bushalte	20	20	13	8
74	HLS0363	52.09216	4.329667	0	Bushalte	20	20	13	8
75	HLS0124	52.084945	4.329035	0	Bushalte	20	20	13	8
76	HLS0182	52.088369	4.335973	0	Bushalte	20	20	13	8
77	HLS0128	52.090669	4.34088	0	Bushalte	20	20	20	15
78	HLS0204	52.093965	4.350785	0	Bushalte	20	20	20	15
79	HLS0151	52.098108	4.357855	0	Bushalte	20	20	20	15
80	HLT2636	52.0855605236657	4.33575583046536	0	Bushalte	20	15	20	15
81	HLT2504	52.092189557212	4.35070206639716	0	Bushalte	20	15	20	15
82	HLT2502	52.0909152755171	4.34746839776514	0	Bushalte	20	15	20	15
83	HLT2641	52.0893228656168	4.344221098045	0	Bushalte	20	15	13	8
84	HLT2640	52.0878914018656	4.34053603045142	0	Bushalte	20	15	13	8
85	HLT2635	52.085735494864	4.33584919834467	0	Bushalte	20	15	20	15
86	HLT2639	52.0872884352986	4.3395330165364	0	Bushalte	20	15	20	15
87	HLT2642	52.089182696308	4.34439808585869	0	Bushalte	20	15	20	15
88	HLT2501	52.0906293138396	4.34728061693831	0	Bushalte	20	15	20	15
89	HLT2503	52.0926541492052	4.35244085851387	0	Bushalte	20	15	20	15
90	HLT2506	52.0943794596975	4.3559562781038	0	Bushalte	20	15	13	8
91	HLT2505	52.0943226209363	4.35615315934329	0	Bushalte	20	15	13	8
92	HLT2507	52.0964923707625	4.36013991659398	0	Bushalte	20	15	13	8
93	HLT2508	52.09652487987	4.36071909051003	0	Bushalte	20	15	20	15
94	HLS0157	52.081448	4.332999	0	Bushalte	20	20	20	15
95	HLS0316	52.079507	4.335131	0	Bushalte	20	20	20	15
96	HLS0147	52.077642	4.337596	0	Bushalte	20	20	20	15
97	HLS0148	52.077599	4.337889	0	Bushalte	20	20	13	8
98	HLS0315	52.080542	4.334246	0	Bushalte	20	20	13	8
99	HLT2649	52.0843828889647	4.33931637114307	0	Bushalte	20	15	20	15
100	HLT2637	52.0865157166829	4.33684134900341	0	Bushalte	20	15	20	15
101	HLT3844	52.0582038775979	4.3120325933739	0	Bushalte	20	15	13	8
102	HLT3843	52.0580301651399	4.31227534198531	0	Bushalte	20	15	20	15
103	HLT3858	52.0647737440185	4.31476386024955	0	Bushalte	20	15	20	15
104	HLT3857	52.0650114218305	4.31534220608393	0	Bushalte	20	15	20	15
105	HLT3860	52.0669240153178	4.31860823810236	0	Bushalte	20	15	13	8
106	HLT3859	52.0667390942887	4.31862063254475	0	Bushalte	20	15	20	15
107	HLT3847	52.068526848567	4.3226077914308	0	Bushalte	50	42	65	45
108	HLT2874	52.0813951847169	4.30896562829692	0	Bushalte	20	15	20	15
109	HLT2873	52.0813797306583	4.30955207869815	0	Bushalte	20	15	20	15
110	HLT2857	52.0762761181492	4.3181708455341	0	Bushalte	20	15	20	15
111	HLT2858	52.077117	4.320234	0	Bushalte	20	20	13	8
112	HLT3820	52.0580731595153	4.32176434430744	0	Bushalte	20	18	20	15
113	HLT3833	52.0557150313279	4.32339259232234	0	Bushalte	20	15	13	8
114	HLT3834	52.0557310434146	4.32384185127498	0	Bushalte	20	15	20	15
115	HLT3819	52.0587886410883	4.32137820675742	0	Bushalte	20	18	20	15
116	HLT3807	52.0611665389729	4.31843417672131	0	Bushalte	20	15	20	15
117	HLT3808	52.0610015648897	4.31835416602612	0	Bushalte	20	15	20	15
118	HLT2633	52.0844643197803	4.33298454463528	0	Bushalte	20	15	20	15
119	HLT2634	52.0844686259132	4.33328306724958	0	Bushalte	20	15	20	15
120	HLT2631	52.0830736144388	4.33006987364627	0	Bushalte	20	15	20	15
121	HLT2632	52.0834327104532	4.33092356249137	0	Bushalte	20	15	20	15
122	HLT2638	52.0859212517317	4.33736218862579	0	Bushalte	20	15	20	15
123	HLT2650	52.0842494031283	4.33930181540872	0	Bushalte	20	15	20	15
124	HLS0158	52.081878	4.331895	0	Bushalte	20	20	20	15
125	HLT0447	52.091529	4.315542	0	Bushalte	20	20	13	8
126	HLT0448	52.091761	4.315419	0	Bushalte	20	20	13	8
127	HLT0436	52.088805	4.317533	0	Bushalte	20	20	20	15
128	HLT0437	52.089741	4.319583	0	Bushalte	20	20	13	8
129	HLT0427	52.0921868243557	4.3195205259337	0	Bushalte	20	15	13	8
130	HLT0426	52.0924967656612	4.31957823867838	0	Bushalte	20	15	20	15
131	HLT0428	52.093601	4.323095	0	Bushalte	20	20	13	8
132	HLT0429	52.094068	4.324033	0	Bushalte	20	20	20	15
133	HLT0440	52.094367	4.330286	0	Bushalte	20	20	13	8
134	HLT0431	52.096265	4.326403	0	Bushalte	20	20	20	15
135	HLT0416	52.1001790236594	4.32193029175675	0	Bushalte	20	15	20	15
136	HLT0404	52.1035931062374	4.31796413410107	0	Bushalte	20	15	20	15
137	HLT0406	52.104215	4.317923	0	Bushalte	20	20	13	8
138	HLT0405	52.104729	4.319108	0	Bushalte	20	20	20	15
139	HLT0408	52.105359	4.323166	0	Bushalte	20	20	13	8
140	HLT0409	52.105388	4.325369	0	Bushalte	20	20	20	15
141	HLT0407	52.105956	4.323516	0	Bushalte	20	20	20	15
142	HLT0410	52.105159	4.318902	0	Bushalte	20	20	13	8
143	HLT0402	52.1012343283809	4.31501964749388	0	Bushalte	20	15	20	15
144	HLT0401	52.1010789016025	4.31490865154569	0	Bushalte	20	15	20	15
145	HLT0403	52.1031156242217	4.31814917046317	0	Bushalte	20	15	20	15
146	HLT0413	52.098441	4.315566	0	Bushalte	20	20	13	8
147	HLT0411	52.0966546050319	4.31159347098113	0	Bushalte	20	15	20	15
148	HLT0418	52.0945623928717	4.31305610533233	0	Bushalte	20	15	20	15
149	HLT0417	52.0952006965006	4.3128388294109	0	Bushalte	20	15	20	15
150	HLT0412	52.0973925733531	4.31308300599461	0	Bushalte	20	15	13	8
151	HLT0414	52.098641	4.315853	0	Bushalte	20	20	20	15
152	HLT0415	52.1001717034707	4.32156599743908	0	Bushalte	20	15	20	15
153	HLT0430	52.096022	4.326409	0	Bushalte	20	20	20	15
154	HLS0363	52.09216	4.329667	0	Bushalte	20	20	13	8
155	HLT0603	52.0973919192484	4.29987278824698	0	Bushalte	20	15	20	15
156	HLT0604	52.0974605468231	4.3000957481723	0	Bushalte	20	15	20	15
157	HLT0605	52.0946637597382	4.30115079503412	0	Bushalte	20	15	13	8
158	HLT0503	52.0939709414044	4.30207935405249	0	Bushalte	20	15	20	15
159	HLT0504	52.0933089689487	4.30265277689089	0	Bushalte	20	15	20	15
160	HLT2401	52.0848837193078	4.31645272209252	0	Bushalte	20	15	13	8
161	HLT2403	52.0848754088929	4.31683348723635	0	Bushalte	20	15	20	15
162	HLT0226	52.1090120342029	4.29813714441596	0	Bushalte	20	15	13	8
163	HLT0225	52.1101260213315	4.29679152688367	0	Bushalte	20	15	20	15
164	HLT0310	52.108784020229	4.30846406104529	0	Bushalte	20	15	20	15
165	HLT0309	52.10937	4.306603	0	Bushalte	20	20	20	15
166	HLT0224	52.111317114036	4.29632906024534	0	Bushalte	20	15	20	15
167	HLT0223	52.1112833139141	4.29589280932128	0	Bushalte	20	15	20	15
168	HLT0222	52.1106503366313	4.29093739612432	0	Bushalte	20	15	20	15
169	HLT0220	52.109747	4.288068	0	Bushalte	20	20	13	8
170	HLT0219	52.109992	4.287317	0	Bushalte	20	20	20	15
171	HLT0218	52.1121333071707	4.28741505902821	0	Bushalte	20	15	20	15
172	HLT0217	52.1121945199754	4.28726571567318	0	Bushalte	20	15	20	15
173	HLT0229	52.112047	4.284011	0	Bushalte	20	20	20	15
174	HLT0205	52.1120294402802	4.28368444242148	0	Bushalte	20	15	20	15
175	HLT0726	52.1070809777064	4.28868138576308	0	Bushalte	20	15	20	15
176	HLT0727	52.1072879836596	4.28913714381468	0	Bushalte	20	15	13	8
177	HLT0725	52.104617517952	4.28639333811982	0	Bushalte	20	15	20	15
178	HLT0734	52.1014730771013	4.28310135961231	0	Bushalte	30	20	21	11
179	HLT0724	52.1040868685722	4.28629427503056	0	Bushalte	20	15	20	15
180	HLT3201	52.0622454150696	4.25988473489936	0	Bushalte	20	15	20	15
181	HLT3202	52.0622208895183	4.26084791879404	0	Bushalte	20	15	20	15
182	HLT1924	52.063676852156	4.25792464337325	0	Bushalte	20	15	20	15
183	HLT1914	52.0649013007184	4.25332837593685	0	Bushalte	20	15	13	8
184	HLT1911	52.0650468266869	4.25169263633927	0	Bushalte	20	15	20	15
185	HLT1907	52.0668517449488	4.24784825566121	0	Bushalte	20	18	20	15
186	HLT1908	52.0662887519574	4.24806906684069	0	Bushalte	20	18	20	15
187	HLT1912	52.0641477905831	4.25421544289492	0	Bushalte	20	15	20	15
188	HLT1913	52.0641480614418	4.25237651264599	0	Bushalte	20	15	20	15
189	HLT1923	52.0635688982326	4.25696917650807	0	Bushalte	20	15	20	15
190	HLT3408	52.0554122317093	4.27463851350802	0	Bushalte	20	15	20	15
191	HLT1107	52.0884045222757	4.2801918694878	0	Bushalte	20	15	13	8
192	HLT1106	52.0883699908259	4.27946560860845	0	Bushalte	20	15	20	15
193	HLT1125	52.0875793139329	4.27800489877421	0	Bushalte	20	15	20	15
194	HLT0930	52.087573	4.277596	0	Bushalte	20	20	20	15
195	HLT0932	52.086047	4.274044	0	Bushalte	20	20	20	15
196	HLT0920	52.093615	4.280671	0	Bushalte	20	20	13	8
197	HLT0919	52.093444	4.280661	0	Bushalte	20	20	13	8
198	HLT0944	52.090842	4.278274	0	Bushalte	20	20	13	8
199	HLT0908	52.092659	4.276434	0	Bushalte	20	20	13	8
200	HLT0912	52.09236	4.276237	0	Bushalte	20	20	13	8
201	HLT0910	52.0953394429413	4.2779008915119	0	Bushalte	20	15	20	15
202	HLT0911	52.0954738560172	4.27817729560765	0	Bushalte	20	15	20	15
203	HLT0905	52.0989761989589	4.28133152309854	0	Bushalte	20	15	20	15
204	HLT0904	52.0991939850492	4.28151634258156	0	Bushalte	20	15	20	15
205	HLT0732	52.096457	4.270283	0	Bushalte	20	20	20	15
206	HLT0730	52.0928095335104	4.26678963953563	0	Bushalte	20	15	13	8
207	HLT0807	52.090439	4.26229	0	Bushalte	20	20	13	8
208	HLT0804	52.089753	4.257331	0	Bushalte	20	20	13	8
209	HLT0803	52.090104	4.258315	0	Bushalte	20	20	20	15
210	HLT0808	52.0903021773036	4.26232924694836	0	Bushalte	20	15	20	15
211	HLT0744	52.093232	4.263884	0	Bushalte	20	20	20	15
212	HLT0731	52.0938865902528	4.26831401662161	0	Bushalte	20	15	20	15
213	HLT0732	52.096457	4.270283	0	Bushalte	20	20	20	15
214	HLT0718	52.1009544842491	4.27373983210292	0	Bushalte	20	15	20	15
215	HLT0719	52.101621233843	4.27497905453913	0	Bushalte	20	15	20	15
216	HLT1103	52.0872465784974	4.27804922351556	0	Bushalte	20	15	20	15
217	HLT0515	52.087085	4.301436	0	Bushalte	20	20	20	15
218	HLT0510	52.090243	4.305635	0	Bushalte	20	20	20	15
219	HLT0511	52.089765	4.305544	0	Bushalte	20	20	20	15
220	HLT0516	52.087598	4.302489	0	Bushalte	20	20	13	8
221	HLT1123	52.0850455566203	4.29225717843593	0	Bushalte	20	15	20	15
222	HLT1118	52.0852910315099	4.28764956198165	0	Bushalte	20	15	20	15
223	HLT1112	52.0837158898949	4.27906386319042	0	Bushalte	20	15	20	15
224	HLT1113	52.0843315815511	4.27959798558544	0	Bushalte	20	15	20	15
225	HLT1110	52.0820934275228	4.276644447142	0	Bushalte	20	15	20	15
226	HLT2013	52.0780417480059	4.27645092087172	0	Bushalte	20	15	13	8
227	HLT2017	52.0755849821451	4.2750865024914	0	Bushalte	20	15	13	8
228	HLT2021	52.0725871733176	4.27527997395789	0	Bushalte	20	15	13	8
229	HLT2019	52.0706462933887	4.26939161648067	0	Bushalte	20	15	13	8
230	HLT1917	52.0689136755134	4.26290266589708	0	Bushalte	20	15	20	15
231	HLT1916	52.0675020680755	4.25895770076123	0	Bushalte	20	15	20	15
232	HLT1918	52.0690452467923	4.2634417566283	0	Bushalte	20	15	20	15
233	HLT2020	52.0706091001204	4.26965993642885	0	Bushalte	20	15	20	15
234	HLT2022	52.072911299228	4.27553122836856	0	Bushalte	20	15	20	15
235	HLT2018	52.0763723262955	4.27563188763052	0	Bushalte	20	15	13	8
236	HLT2012	52.0790645740701	4.27702211647354	0	Bushalte	20	15	20	15
237	HLT1111	52.0820482331792	4.27705199663484	0	Bushalte	20	15	13	8
238	HLT1117	52.0852006860692	4.28699681366676	0	Bushalte	20	15	20	15
239	HLT1124	52.0848907024605	4.29223345216926	0	Bushalte	20	15	13	8
240	HLT1209	52.0851645503645	4.27311984709792	0	Bushalte	20	15	13	8
241	HLT1210	52.0851388195567	4.27215595707529	0	Bushalte	20	15	20	15
242	HLT1207	52.082334695646	4.26528730574358	0	Bushalte	20	15	20	15
243	HLT1208	52.0820789153493	4.26438726289608	0	Bushalte	20	15	20	15
244	HLT1203	52.080466894061	4.26082125206425	0	Bushalte	20	15	20	15
245	HLT1204	52.0801897119236	4.25979113764391	0	Bushalte	20	15	20	15
246	HLT1201	52.0780749136373	4.254697608956	0	Bushalte	20	15	20	15
247	HLT1202	52.0781925118133	4.25525747672709	0	Bushalte	20	15	20	15
248	HLT1308	52.0758939817389	4.2494000148956	0	Bushalte	20	15	13	8
249	HLT1307	52.0765455599332	4.25140470872696	0	Bushalte	20	15	20	15
250	HLT1306	52.0745400668295	4.2465174891641	0	Bushalte	20	15	20	15
251	HLT1305	52.0742207720985	4.24535029567165	0	Bushalte	20	15	13	8
252	HLT1508	52.0668077938643	4.22357280945134	0	Bushalte	20	15	13	8
253	HLT1506	52.06862350349	4.22275324695712	0	Bushalte	20	15	13	8
254	HLT1502	52.066462482348	4.2180835140604	0	Bushalte	20	15	20	15
255	HLT1504	52.0687621457293	4.22262956598752	0	Bushalte	20	15	13	8
256	HLT1516	52.0655872066853	4.22413015587448	0	Bushalte	20	15	20	15
257	HLT1514	52.0662687756448	4.22480085871072	0	Bushalte	20	15	20	15
258	HLT1403	52.0681388537322	4.23218187382161	0	Bushalte	20	15	20	15
259	HLT1404	52.0683856675575	4.23209838799404	0	Bushalte	20	15	13	8
260	HLT1412	52.0670429366823	4.23561459026974	0	Bushalte	20	15	20	15
261	HLT1411	52.0666292135708	4.23555543563438	0	Bushalte	20	15	20	15
262	HLT1406	52.0698108687924	4.23667656912648	0	Bushalte	30	20	35	25
263	HLT1408	52.0715910519634	4.24097381784305	0	Bushalte	30	20	35	25
264	HLT1421	52.0657695373576	4.24065349556269	0	Bushalte	20	15	20	15
265	HLT1417	52.0648769363753	4.23706984122819	0	Bushalte	20	15	20	15
266	HLT1418	52.065053313257	4.23747181956075	0	Bushalte	20	15	13	8
267	HLT1425	52.0631085093536	4.22654154604364	0	Bushalte	20	15	20	15
268	HLT1426	52.0632317860165	4.22602396063551	0	Bushalte	20	15	20	15
269	HLT1873	52.0585112299475	4.22606296129191	0	Bushalte	20	15	20	15
270	HLT1872	52.0583088276514	4.22662194525206	0	Bushalte	20	15	20	15
271	HLT1835	52.0570660144044	4.22786206254449	0	Bushalte	20	15	20	15
272	HLT1834	52.0575349570347	4.22801370012659	0	Bushalte	20	15	20	15
273	HLS0188	52.050833	4.226034	0	Bushalte	20	20	13	8
274	HLS0189	52.051001	4.226701	0	Bushalte	20	20	13	8
275	HLS0190	52.0489	4.221448	0	Bushalte	20	20	13	8
276	HLS0197	52.046062	4.209976	0	Bushalte	20	20	20	15
277	HLS0196	52.04615	4.209726	0	Bushalte	20	20	20	15
278	HLS0191	52.049025	4.222247	0	Bushalte	20	20	20	15
279	HLS0192	52.052313	4.229364	0	Bushalte	20	20	20	15
280	HLS0193	52.052452	4.229754	0	Bushalte	20	20	20	15
281	HLT1821	52.0542678637796	4.23389974883629	0	Bushalte	20	15	20	15
282	HLT1820	52.0543610610503	4.23365387456737	0	Bushalte	20	15	20	15
283	HLT1822	52.0550860576614	4.23853864000956	0	Bushalte	20	15	20	15
284	HLT1823	52.0551826032326	4.2384645101827	0	Bushalte	20	15	20	15
285	HLT1828	52.059436250326	4.24795344050782	0	Bushalte	20	15	20	15
286	HLT1808	52.0613182814916	4.24740593582614	0	Bushalte	20	15	20	15
287	HLT1809	52.0612914415407	4.24703740239513	0	Bushalte	20	15	20	15
288	HLT1829	52.059305178619	4.24783772247889	0	Bushalte	20	15	13	8
289	HLT1715	52.0557213157229	4.25163227605954	0	Bushalte	20	15	20	15
290	HLT1716	52.0563952744465	4.25072483701974	0	Bushalte	20	15	20	15
291	HLT1825	52.0565327580841	4.24605639344988	0	Bushalte	20	15	20	15
292	HLS0136	52.051902	4.253607	0	Bushalte	20	20	20	15
293	HLS0230	52.048473	4.248576	0	Bushalte	20	20	20	15
294	HLS0166	52.043984	4.242597	0	Bushalte	20	20	20	15
295	HLS0212	52.039536	4.235364	0	Bushalte	20	20	20	15
296	HLS0213	52.039977	4.236315	0	Bushalte	20	20	13	8
297	HLT1677	52.045518	4.240459	0	Bushalte	20	20	20	15
298	HLS0165	52.043186	4.240985	0	Bushalte	20	20	20	15
299	HLS0231	52.048914	4.249571	0	Bushalte	20	20	20	15
300	HLS0137	52.052307	4.254675	0	Bushalte	20	20	20	15
301	HLT1717	52.0551439362332	4.25868285890681	0	Bushalte	20	15	13	8
302	HLT1718	52.0545174488491	4.25740910117965	0	Bushalte	20	15	13	8
303	HLT1721	52.0570853492844	4.26193342693348	0	Bushalte	20	15	20	15
304	HLT1719	52.0570438914836	4.26153361671092	0	Bushalte	20	15	13	8
305	HLT3209	52.0594866872479	4.26360454959403	0	Bushalte	20	15	20	15
306	HLT3210	52.0592943612872	4.26362238597099	0	Bushalte	20	15	20	15
307	HLS0181	52.054864	4.296006	0	Bushalte	20	20	13	8
308	HLS0217	52.058839	4.29238	0	Bushalte	20	20	20	15
309	HLT3708	52.056294589728	4.30306038741281	0	Bushalte	20	15	20	15
310	HLT3709	52.0567790743245	4.30193001200223	0	Bushalte	20	15	20	15
311	HLS0216	52.057933	4.29354	0	Bushalte	20	20	13	8
312	HLS0180	52.054023	4.29642	0	Bushalte	20	20	13	8
313	HLS0135	52.051564	4.298769	0	Bushalte	20	20	20	15
314	HLS0134	52.051124	4.298853	0	Bushalte	20	20	20	15
315	HLT3601	52.048140641604	4.2847159887493	0	Bushalte	20	15	20	15
316	HLT3439	52.0512774337604	4.28087620553163	0	Bushalte	20	15	13	8
317	HLT3438	52.0509160884693	4.28091817078335	0	Bushalte	20	15	20	15
318	HLT3436	52.0491489091486	4.27935778947973	0	Bushalte	20	15	20	15
319	HLT3437	52.0496709143165	4.27931534507729	0	Bushalte	20	15	20	15
320	HLT3413	52.0500461641258	4.27446096207117	0	Bushalte	40	40	50	35
321	HLT3414	52.0501525582492	4.27493207188515	0	Bushalte	30	30	35	25
322	HLT3411	52.0477124666053	4.26869833451072	0	Bushalte	20	15	20	15
323	HLT3412	52.0475936956631	4.26868762699302	0	Bushalte	20	15	20	15
324	HLT3323	52.0453663001048	4.26385473215324	0	Bushalte	20	15	20	15
325	HLT3322	52.0451257772462	4.26367949667824	0	Bushalte	20	15	13	8
326	HLT3320	52.0429242712834	4.25955067643816	0	Bushalte	20	15	20	15
327	HLT3321	52.0435738241702	4.26096666202824	0	Bushalte	20	15	20	15
328	HLT3405	52.053112189457	4.27089447410194	0	Bushalte	20	15	20	15
329	HLT3406	52.0526932210473	4.27159931046594	0	Bushalte	20	15	20	15
330	HLT3319	52.0411331030516	4.25645385688362	0	Bushalte	20	15	13	8
331	HLT3318	52.0405391486485	4.25564423852357	0	Bushalte	20	15	20	15
332	HLT3361	52.0382738684478	4.25138391005665	0	Bushalte	20	15	13	8
333	HLT3362	52.0382394648354	4.25167428443517	0	Bushalte	20	15	20	15
334	HLT3383	52.040893	4.247341	0	Bushalte	20	20	13	8
335	HLT3831	52.0528976293673	4.31707574907799	0	Bushalte	20	15	20	15
336	HLT3832	52.0530424479811	4.31718163910084	0	Bushalte	20	15	20	15
337	HLT3830	52.0521382111461	4.31314795195388	0	Bushalte	20	15	20	15
338	HLT3829	52.0519980239806	4.3130338564257	0	Bushalte	20	15	20	15
339	HLT3628	52.0549794250182	4.30970802487795	0	Bushalte	20	15	20	15
340	HLT3629	52.05557647248	4.3069375086602	0	Bushalte	20	15	13	8
341	HLT3120	52.0620224434907	4.28386639706819	0	Bushalte	20	15	13	8
342	HLT3119	52.0621057744916	4.28369421306727	0	Bushalte	20	15	13	8
343	HLT3122	52.0634384554823	4.28896101903139	0	Bushalte	20	18	20	15
344	HLT3125	52.061586	4.290986	0	Bushalte	20	20	13	8
345	HLT3126	52.062026	4.290975	0	Bushalte	20	20	13	8
346	HLT3121	52.0635550932196	4.28893585765551	0	Bushalte	20	18	20	15
347	HLT3010	52.0650347876347	4.29303676506319	0	Bushalte	20	15	20	15
348	HLT3009	52.0647999584986	4.2922575271077	0	Bushalte	20	15	20	15
349	HLS0209	52.059769	4.293086	0	Bushalte	20	20	13	8
350	HLS0208	52.059989	4.293286	0	Bushalte	20	20	13	8
351	HLS0159	52.061091	4.297677	0	Bushalte	20	20	20	15
352	HLS0160	52.061056	4.297795	0	Bushalte	20	20	20	15
353	HLS0145	52.062576	4.300864	0	Bushalte	30	30	35	25
354	HLS0153	52.069387	4.30153	0	Bushalte	20	20	13	8
355	HLS0154	52.069495	4.301586	0	Bushalte	20	20	13	8
356	HLT2909	52.0695292616339	4.29988572911518	0	Bushalte	20	15	20	15
357	HLT2910	52.0696457209712	4.30018187767599	0	Bushalte	20	15	20	15
358	HLT2914	52.0664445261655	4.29629262165418	0	Bushalte	20	15	13	8
359	HLT2913	52.0669020617042	4.29664274776856	0	Bushalte	20	15	20	15
360	HLT3220	52.059629346447	4.27930098012377	0	Bushalte	20	15	20	15
361	HLT3407	52.0553528654491	4.2739476630964	0	Bushalte	20	15	20	15
362	HLT3409	52.0536654418527	4.27420511612319	0	Bushalte	20	15	20	15
363	HLT3410	52.0533970975609	4.27510786782432	0	Bushalte	20	15	20	15
364	HLT3408	52.0554122317093	4.27463851350802	0	Bushalte	20	15	20	15
365	HLT3219	52.0591470110401	4.27895473356375	0	Bushalte	20	15	20	15
366	HLS0032	52.019171	4.34982	0	Bushalte	30	30	21	11
367	HLS0026	52.023356	4.35255	0	Bushalte	20	20	13	8
368	HLS0027	52.023322	4.352697	0	Bushalte	20	20	13	8
369	HLS0018	52.024521	4.355161	0	Bushalte	20	20	13	8
370	HLS0019	52.024477	4.355293	0	Bushalte	20	20	13	8
371	HLS0048	52.020709	4.359241	0	Bushalte	20	20	13	8
372	HLS0047	52.020853	4.359237	0	Bushalte	20	20	13	8
373	HLS0013	52.020408	4.355605	0	Bushalte	30	30	21	11
374	HLS0070	52.019034	4.361901	0	Bushalte	20	20	13	8
375	HLS0069	52.019169	4.361957	0	Bushalte	20	20	13	8
376	HLS0023	52.016346	4.365037	0	Bushalte	20	20	13	8
377	HLS0022	52.015365	4.365948	0	Bushalte	20	20	13	8
378	HLS0025	52.0145	4.370789	0	Bushalte	20	20	13	8
379	HLS0024	52.014464	4.370819	0	Bushalte	20	20	13	8
380	HLS0078	52.013409	4.36423	0	Bushalte	20	20	13	8
381	HLS0077	52.013407	4.363953	0	Bushalte	20	20	13	8
382	HLS0030	52.012356	4.36204	0	Bushalte	20	20	13	8
383	HLS0031	52.01238	4.361675	0	Bushalte	20	20	13	8
384	HLS0083	52.011062	4.375616	0	Bushalte	20	20	13	8
385	HLS0066	52.010885	4.358199	0	Bushalte	20	20	13	8
386	HLS0067	52.01096	4.358576	0	Bushalte	20	20	13	8
387	HLS0066	52.010885	4.358199	0	Bushalte	20	20	13	8
388	HLS0084	52.010867	4.375897	0	Bushalte	20	20	13	8
389	HLS0052	52.012953	4.378021	0	Bushalte	30	30	21	11
390	HLS0319	52.014192	4.375749	0	Bushalte	20	20	13	8
391	HLS0318	52.014066	4.375723	0	Bushalte	20	20	13	8
392	HLS0038	52.015354	4.374033	0	Bushalte	20	20	13	8
393	HLS0040	52.015444	4.374017	0	Bushalte	20	20	13	8
394	HLS0374	52.017739	4.379545	0	Bushalte	20	20	13	8
395	HLS0320	52.004669	4.324362	0	Bushalte	20	20	13	8
396	HLS0321	52.004615	4.324363	0	Bushalte	20	20	13	8
397	HLS0334	52.007669	4.322048	0	Bushalte	20	20	13	8
398	HLS0335	52.007443	4.321908	0	Bushalte	20	20	13	8
399	HLS0081	52.00946	4.333382	0	Bushalte	20	20	13	8
400	HLS0082	52.00995	4.333836	0	Bushalte	20	20	13	8
401	HLS0376	52.012994	4.334537	0	Bushalte	20	20	13	8
402	HLS0103	52.009747	4.338342	0	Bushalte	20	20	13	8
403	HLS0102	52.009675	4.338314	0	Bushalte	20	20	13	8
404	HLS0061	52.010634	4.342006	0	Bushalte	30	30	21	11
405	HLS0111	52.01073	4.34569	0	Bushalte	20	20	13	8
406	HLS0110	52.010819	4.345658	0	Bushalte	20	20	13	8
407	HLS0049	52.008087	4.349829	0	Bushalte	20	20	13	8
408	HLS0050	52.008293	4.34965	0	Bushalte	20	20	13	8
409	HLC0472	52.009262	4.352599	0	Bushalte	20	20	13	8
410	HLC0473	52.009571	4.354966	0	Bushalte	20	20	13	8
411	HLS0330	52.003894	4.351295	0	Bushalte	20	20	13	8
412	HLS0329	52.004649	4.350302	0	Bushalte	20	20	13	8
413	HLS0036	52.000637	4.346871	0	Bushalte	20	20	13	8
414	HLS0115	52.001312	4.342894	0	Bushalte	20	20	13	8
415	HLS0114	52.001455	4.342905	0	Bushalte	20	20	13	8
416	HLS0113	52.002503	4.344512	0	Bushalte	20	20	13	8
417	HLS0112	52.002502	4.344381	0	Bushalte	20	20	13	8
418	HLS0064	52.004238	4.345462	0	Bushalte	20	20	13	8
419	HLS0065	52.004426	4.34537	0	Bushalte	20	20	13	8
420	HLS0037	52.000639	4.34923	0	Bushalte	20	20	13	8
421	HLS0377	52.014964	4.336646	0	Bushalte	20	20	13	8
422	HLS0076	52.006827	4.379615	0	Bushalte	20	20	13	8
423	HLS0075	52.006684	4.379677	0	Bushalte	20	20	13	8
424	HLS0088	52.007308	4.373822	0	Bushalte	20	20	13	8
425	HLS0087	52.007335	4.372758	0	Bushalte	20	20	13	8
426	HLS0029	52.009231	4.37171	0	Bushalte	20	20	13	8
427	HLS0028	52.008825	4.371574	0	Bushalte	20	20	13	8
428	HLS0378	52.006895	4.369782	0	Bushalte	20	20	13	8
429	HLS0068	52.006657	4.369292	0	Bushalte	20	20	13	8
430	HLS0100	52.001282	4.37757	0	Bushalte	30	30	21	11
431	HLS0079	51.99793	4.379873	0	Bushalte	20	20	13	8
432	HLS0080	51.99796	4.38012	0	Bushalte	20	20	13	8
433	HLS0098	52.002833	4.3772	0	Bushalte	20	20	13	8
434	HLS0099	52.002798	4.37723	0	Bushalte	20	20	13	8
435	HLS0085	52.003595	4.380008	0	Bushalte	20	20	13	8
436	HLS0086	52.003671	4.38056	0	Bushalte	20	20	13	8
437	HLS0391	51.984842	4.37762	0	Bushalte	20	20	13	8
438	HLS0392	51.984617	4.377639	0	Bushalte	20	20	13	8
439	HLS0393	51.981498	4.379791	0	Bushalte	20	20	13	8
440	HLS0394	51.981382	4.379823	0	Bushalte	20	20	13	8
441	HLS0395	51.976113	4.383842	0	Bushalte	20	20	13	8
442	HLS0396	51.976121	4.383769	0	Bushalte	20	20	13	8
443	HLS0092	51.998453	4.339829	0	Bushalte	20	20	13	8
444	HLS0091	51.998631	4.340699	0	Bushalte	20	20	13	8
445	HLS0096	51.997466	4.333998	0	Bushalte	20	20	13	8
446	HLS0097	51.997432	4.334276	0	Bushalte	20	20	13	8
447	HLS0063	51.995712	4.333908	0	Bushalte	30	30	21	11
448	HLS0340	51.991069	4.357765	0	Bushalte	20	20	13	8
449	HLS0053	51.993127	4.356582	0	Bushalte	20	20	13	8
450	HLS0073	51.995202	4.355471	0	Bushalte	20	20	13	8
451	HLS0074	51.994206	4.355611	0	Bushalte	20	20	13	8
452	HLS0054	51.992229	4.356705	0	Bushalte	20	20	13	8
453	HLS0341	51.991138	4.35737	0	Bushalte	20	20	13	8
454	HLS0056	51.987746	4.360054	0	Bushalte	20	20	13	8
455	HLS0057	51.987369	4.360179	0	Bushalte	20	20	13	8
456	HLS0041	51.985477	4.361708	0	Bushalte	30	30	21	11
457	HLS0045	51.983656	4.362172	0	Bushalte	30	30	21	11
458	HLS0093	51.982231	4.357517	0	Bushalte	20	20	13	8
459	HLS0094	51.982199	4.356862	0	Bushalte	20	20	13	8
460	HLS0379	51.993382	4.351844	0	Bushalte	20	20	13	8
461	HLS0058	51.983782	4.346839	0	Bushalte	20	20	13	8
462	HLS0059	51.983478	4.347036	0	Bushalte	20	20	13	8
463	HLS0107	51.987324	4.34485	0	Bushalte	20	20	13	8
464	HLS0106	51.987518	4.34435	0	Bushalte	20	20	13	8
465	HLS0021	51.989976	4.343857	0	Bushalte	20	20	13	8
466	HLS0020	51.989899	4.343247	0	Bushalte	20	20	13	8
467	HLS0072	51.994021	4.334764	0	Bushalte	20	20	13	8
468	HLS0071	51.993465	4.33485	0	Bushalte	20	20	13	8
469	HLS0034	51.993248	4.336748	0	Bushalte	20	20	13	8
470	HLS0035	51.993161	4.337055	0	Bushalte	20	20	13	8
471	HLS0105	51.990252	4.339468	0	Bushalte	20	20	13	8
472	NEW	51.989874	4.339447	0	Bushalte	20	20	13	8
473	HLS0317	51.989513	4.385711	0	Bushalte	20	20	13	8
474	HLS0358	51.988485	4.382124	0	Bushalte	20	20	13	8
475	HLS0357	51.989013	4.381908	0	Bushalte	20	20	13	8
476	HLS0356	51.991353	4.380181	0	Bushalte	20	20	13	8
477	HLS0355	51.991551	4.380148	0	Bushalte	30	30	21	11
478	HLS0344	51.996506	4.376178	0	Bushalte	30	30	21	11
479	HLS0345	51.99599	4.376815	0	Bushalte	20	20	13	8
480	HLS0346	51.999703	4.373804	0	Bushalte	30	30	21	11
481	HLS0347	51.999193	4.374078	0	Bushalte	20	20	13	8
482	HLS0015	52.002351	4.372303	0	Bushalte	20	20	13	8
483	HLS0017	52.002143	4.372133	0	Bushalte	20	20	13	8
484	HLS0016	52.001552	4.372437	0	Bushalte	30	30	21	11
485	HLS0272	52.044759	4.204602	0	Bushalte	30	30	35	25
486	HLS0268	52.04256	4.198669	0	Bushalte	30	30	21	11
487	HLS0270	52.038898	4.190327	0	Bushalte	20	20	13	8
488	HLS0271	52.03891	4.190618	0	Bushalte	20	20	13	8
489	HLS0279	52.032425	4.180531	0	Bushalte	20	20	13	8
490	HLS0278	52.032161	4.180218	0	Bushalte	20	20	13	8
491	HLS0277	52.023558	4.184529	0	Bushalte	20	20	13	8
492	HLS0276	52.02411	4.184063	0	Bushalte	20	20	13	8
493	HLS0422	52.028895	4.179956	0	Bushalte	20	20	13	8
494	HLS0423	52.028427	4.180755	0	Bushalte	20	20	13	8
495	HLS0264	52.02934	4.177758	0	Bushalte	20	20	13	8
496	HLS0274	52.026471	4.173231	0	Bushalte	20	20	13	8
497	HLS0263	52.023241	4.170375	0	Bushalte	20	20	13	8
498	HLS0267	52.021279	4.167514	0	Bushalte	20	20	13	8
499	HLS0228	52.00709	4.167944	0	Bushalte	20	20	13	8
500	HLS0222	52.001976	4.170661	0	Bushalte	20	20	13	8
501	HLS0232	52.000419	4.164353	0	Bushalte	20	20	13	8
502	HLS0233	51.999548	4.160197	0	Bushalte	20	20	13	8
503	HLS0237	52.001825	4.157834	0	Bushalte	30	30	21	11
504	HLS0234	51.99947	4.160418	0	Bushalte	20	20	13	8
505	HLS0232	52.000419	4.164353	0	Bushalte	20	20	13	8
506	HLS0223	52.001853	4.170941	0	Bushalte	20	20	13	8
507	HLS0229	52.00604	4.169036	0	Bushalte	20	20	13	8
508	HLS0244	52.019045	4.261825	0	Bushalte	30	30	21	11
509	HLS0245	52.014756	4.254182	0	Bushalte	20	20	13	8
510	HLS0246	52.014803	4.254327	0	Bushalte	20	20	13	8
511	HLS0291	51.991301	4.218898	0	Bushalte	20	20	13	8
512	HLS0292	51.991307	4.219524	0	Bushalte	20	20	13	8
513	HLS0288	51.993041	4.202326	0	Bushalte	20	20	13	8
514	HLS0290	51.996148	4.206525	0	Bushalte	20	20	13	8
515	HLS0285	51.998916	4.21452	0	Bushalte	20	20	13	8
516	HLS0243	52.003281	4.221426	0	Bushalte	20	20	13	8
517	HLS0239	52.006595	4.223801	0	Bushalte	20	20	13	8
518	HLS0241	52.008943	4.220361	0	Bushalte	20	20	13	8
519	HLS0240	52.008933	4.220332	0	Bushalte	20	20	13	8
520	HLS0238	52.006144	4.223653	0	Bushalte	20	20	13	8
521	HLS0286	51.998745	4.214495	0	Bushalte	20	20	13	8
522	HLS0281	51.999203	4.209037	0	Bushalte	20	20	13	8
523	HLS0283	52.001815	4.206886	0	Bushalte	20	20	13	8
524	HLS0284	52.00129	4.207424	0	Bushalte	20	20	13	8
525	HLS0282	51.999293	4.209049	0	Bushalte	20	20	13	8
526	HLS0289	51.99602	4.206266	0	Bushalte	20	20	13	8
527	HLS0287	51.992076	4.20289	0	Bushalte	20	20	13	8
528	HLS0294	51.98875	4.205584	0	Bushalte	20	20	13	8
529	HLS0293	51.988719	4.206109	0	Bushalte	20	20	13	8
530	HLS0227	51.993139	4.169648	0	Bushalte	20	20	13	8
531	HLS0225	51.997544	4.173184	0	Bushalte	20	20	13	8
532	HLS0224	51.997153	4.172801	0	Bushalte	20	20	13	8
533	HLS0226	51.993824	4.169892	0	Bushalte	20	20	13	8
534	HLS0120	51.975231	4.254045	0	Bushalte	20	20	13	8
535	HLS0119	51.975133	4.25415	0	Bushalte	20	20	13	8
536	HLS0123	51.978635	4.250102	0	Bushalte	20	20	13	8
537	HLS0359	51.978676	4.250625	0	Bushalte	20	20	13	8
538	HLS0121	51.977721	4.2457	0	Bushalte	20	20	13	8
539	HLS0122	51.977276	4.245231	0	Bushalte	20	20	13	8
540	HLS0328	51.973965	4.245839	0	Bushalte	20	20	13	8
541	HLS0327	51.974161	4.245703	0	Bushalte	20	20	13	8
542	HLS0009	51.999997	4.332541	0	Bushalte	20	20	13	8
543	HLS0382	51.999137	4.32994	0	Bushalte	20	20	13	8
544	HLS0383	51.996863	4.322902	0	Bushalte	20	20	13	8
545	HLS0384	51.996646	4.322805	0	Bushalte	20	20	13	8
546	HLS0323	52.00045	4.320035	0	Bushalte	20	20	13	8
547	HLS0322	52.000585	4.319988	0	Bushalte	20	20	13	8
548	HLS0385	52.002804	4.319833	0	Bushalte	20	20	13	8
549	HLS0386	52.00295	4.320165	0	Bushalte	20	20	13	8
550	HLS0324	52.010718	4.31931	0	Bushalte	20	20	13	8
551	HLS0325	52.010528	4.319169	0	Bushalte	20	20	13	8
552	HLS0253	51.932545	4.270303	0	Bushalte	20	20	13	8
553	HLS0255	51.93279	4.275285	0	Bushalte	30	30	21	11
554	HLS0250	51.935589	4.275623	0	Bushalte	20	20	13	8
555	HLS0251	51.935455	4.275786	0	Bushalte	20	20	13	8
556	HLS0248	51.939087	4.273006	0	Bushalte	30	30	21	11
557	HLS0010	51.99988	4.332602	0	Bushalte	20	20	13	8
558	HLS0261	51.925087	4.272194	0	Bushalte	20	20	13	8
559	HLS0260	51.92502	4.272119	0	Bushalte	20	20	13	8
560	HLS0259	51.924948	4.272048	0	Bushalte	20	20	13	8
561	HLS0258	51.925147	4.272159	0	Bushalte	20	20	13	8
562	HLS0256	51.92973	4.27017	0	Bushalte	20	20	13	8
563	HLS0257	51.929695	4.270272	0	Bushalte	20	20	13	8
564	HLS0252	51.932617	4.270345	0	Bushalte	20	20	13	8
565	HLT9584	52.0717987212228	4.40108165900463	1	Tramhalte	20	15	20	15
566	HLT9585	52.0720473638773	4.40093323341763	1	Tramhalte	20	15	20	15
567	HLT9586	52.068787764524	4.40541711124662	1	Tramhalte	20	15	20	15
568	HLT9587	52.0690364128872	4.40526871997655	1	Tramhalte	20	15	20	15
569	HLS0387	52.064527	4.3999	1	Tramhalte	20	20	13	8
570	HLT9589	52.0649397739547	4.40058088815038	1	Tramhalte	20	18	13	8
571	HLT9591	52.0605521588915	4.39519894428563	1	Tramhalte	30	20	35	25
572	HLT9841	52.0551863067368	4.38854215856082	1	Tramhalte	30	20	35	25
573	HLT9840	52.0555804220712	4.38912097734583	1	Tramhalte	20	15	20	15
574	HLS0186	52.055609	4.389089	1	Tramhalte	20	20	20	15
575	HLS0173	52.052728	4.3844	1	Bushalte	20	20	20	15
576	HLT9808	52.0516461486911	4.38478960112798	1	Tramhalte	20	15	20	15
577	HLT9807	52.051503285978	4.38469074290434	1	Tramhalte	20	15	20	15
578	HLT9809	52.050629	4.384869	1	Bushalte	20	20	13	8
579	HLT9813	52.0484520886529	4.3825299978272	1	Tramhalte	20	15	20	15
580	HLT9812	52.0488593534543	4.38338246287131	1	Tramhalte	20	15	20	15
581	HLT9811	52.0444382948873	4.37650195880983	1	Tramhalte	20	18	20	15
582	HLT9810	52.0448418700634	4.37735082015087	1	Tramhalte	20	18	20	15
583	HLT5944	52.0391288704267	4.36853595493972	1	Tramhalte	20	15	20	15
584	HLT5945	52.0392330598386	4.36891194296767	1	Tramhalte	20	15	20	15
585	HLT5946	52.0354353322419	4.36299352100497	1	Tramhalte	20	15	20	15
586	HLT5947	52.035820676143	4.36378922482419	1	Tramhalte	20	15	20	15
587	HLS0339	52.034429	4.387812	1	Bushalte	20	20	20	15
588	HLS0338	52.034351	4.388105	1	Bushalte	20	20	13	8
589	HLT5940	52.0407609622897	4.36783926710515	1	Tramhalte	30	26	35	25
590	HLT5941	52.0411287183752	4.36743733488465	1	Tramhalte	30	26	21	11
591	HLT5938	52.0440739277502	4.3615932837446	1	Tramhalte	20	15	20	15
592	HLT5939	52.044868213384	4.36031850539207	1	Tramhalte	20	15	20	15
593	HLT5937	52.0482090258573	4.35233259526228	1	Tramhalte	20	15	20	15
594	HLT5936	52.048052673653	4.35280559065153	1	Tramhalte	20	15	20	15
595	HLS0168	52.047906	4.352741	1	Bushalte	20	20	20	15
596	HLT0906	52.0998758451442	4.28167144043432	1	Tramhalte	20	15	13	8
597	HLT0907	52.0995644838139	4.28184197331151	1	Tramhalte	20	15	13	8
598	HLT0723	52.1019367627641	4.27914374915143	1	Tramhalte	20	15	13	8
599	HLT0722	52.1016326303442	4.27932271109937	1	Tramhalte	20	15	13	8
600	HLT0716	52.1015287836448	4.27392447645498	1	Tramhalte	20	15	20	15
601	HLT0717	52.1016904376426	4.27371902070202	1	Tramhalte	20	15	20	15
602	HLT0710	52.104211	4.270935	1	Tramhalte	20	20	20	15
603	HLT0711	52.104436	4.27093	1	Tramhalte	20	20	13	8
604	HLT0736	52.106075	4.271254	1	Tramhalte	20	20	13	8
605	HLT0701	52.106426	4.270413	1	Tramhalte	20	20	20	15
606	HLT0221	52.1105794052888	4.29012867864292	1	Bushalte	20	15	20	15
607	HLT0745	52.0928347556753	4.2644454550736	1	Bushalte	20	15	13	8
608	HLT0746	52.1039382008905	4.27673247155075	1	Bushalte	20	15	20	15
609	HLT0715	52.1044182310727	4.27702886179348	1	Tramhalte	20	15	20	15
610	HLT0714	52.104092290617	4.2767961160547	1	Tramhalte	20	15	20	15
611	HLT0708	52.1102425459662	4.28437524751412	1	Tramhalte	30	26	35	25
612	HLT0728	52.1075265829005	4.28898094852457	1	Tramhalte	20	15	20	15
613	HLT0729	52.1073999838487	4.289415872569	1	Tramhalte	20	15	20	15
614	HLT0303	52.101751	4.297212	1	Tramhalte	20	20	20	15
615	HLT0304	52.101565	4.297435	1	Tramhalte	20	20	13	8
616	HLT0602	52.0993685632631	4.29986355533555	1	Tramhalte	20	15	20	15
617	HLT0601	52.0986016936277	4.30155820385778	1	Tramhalte	30	20	35	25
618	HLT0505	52.0948443323932	4.30769222493858	1	Tramhalte	20	15	20	15
619	HLT0506	52.0947297501334	4.30794017014534	1	Tramhalte	20	15	13	8
620	HLT0513	52.0928694036857	4.30954656868491	1	Tramhalte	20	18	20	15
621	HLT0514	52.0920374865939	4.31008613499564	1	Tramhalte	20	18	20	15
622	HLT0519	52.0901285346242	4.31178690655662	1	Tramhalte	20	18	20	15
623	HLT0520	52.0893832521457	4.31229599981853	1	Tramhalte	20	18	20	15
624	HLT2309	52.0877102624311	4.31382369622152	1	Tramhalte	20	18	20	15
625	HLT2310	52.0869547341402	4.31426498328405	1	Tramhalte	20	18	20	15
626	HLT2811	52.083558073147	4.31734915860445	1	Tramhalte	20	15	20	15
627	HLT2810	52.0837114593602	4.31736824984819	1	Tramhalte	20	15	20	15
628	HLT2813	52.0830528043866	4.31733790239615	1	Tramhalte	30	26	35	25
629	HLT2812	52.0828058564601	4.3163750332017	1	Tramhalte	30	26	21	11
630	HLS0360	52.088295	4.321719	1	Bushalte	20	20	13	8
631	HLT0439	52.092803	4.330236	1	Bushalte	20	20	20	15
632	HLT0438	52.093584	4.329167	1	Bushalte	20	20	20	15
633	HLT2519	52.0945454385136	4.36288593399291	1	Bushalte	20	15	13	8
634	HLT2520	52.0951377020723	4.36279290045964	1	Bushalte	20	15	20	15
635	HLT2525	52.0909152297587	4.36803102482951	1	Bushalte	20	15	13	8
636	HLT2526	52.0910287047263	4.36879040556101	1	Bushalte	20	15	20	15
637	HLT2521	52.0920416680614	4.36506602617349	1	Bushalte	20	15	13	8
638	HLT2522	52.0918975752354	4.36573946932326	1	Bushalte	20	15	20	15
639	HLT2523	52.091810606989	4.36562504886372	1	Tramhalte	20	15	20	15
640	HLT2524	52.0915680278867	4.36574202158891	1	Tramhalte	20	15	20	15
641	HLT2518	52.0939925896036	4.36289367323312	1	Tramhalte	20	18	20	15
642	HLT2517	52.0938976787201	4.36240190855515	1	Tramhalte	20	18	13	8
643	HLT2516	52.091800926339	4.35793909224011	1	Tramhalte	20	18	20	15
644	HLT2515	52.091914577573	4.35840345485228	1	Tramhalte	20	18	13	8
645	HLT2514	52.0893300948049	4.35293390542202	1	Tramhalte	20	18	20	15
646	HLT2513	52.0894527779183	4.35342118759189	1	Tramhalte	20	18	20	15
647	HLT2510	52.086906575114	4.34790588821244	1	Tramhalte	20	15	20	15
648	HLT2509	52.0869835998626	4.3483229271698	1	Tramhalte	20	15	20	15
649	HLT2651	52.0846255622465	4.34291373504856	1	Tramhalte	20	15	20	15
650	HLT2652	52.0843570138628	4.34268327576853	1	Tramhalte	20	15	20	15
651	HLT2651	52.0846255622465	4.34291373504856	1	Tramhalte	20	15	20	15
652	HLT2652	52.0843570138628	4.34268327576853	1	Tramhalte	20	15	20	15
653	HLT2647	52.0838333462168	4.33814844044995	1	Tramhalte	30	26	35	25
654	HLT2648	52.0839475202033	4.33918587811744	1	Tramhalte	30	26	35	25
655	HLT2655	52.081648	4.34239	1	Tramhalte	20	20	20	15
656	HLT2656	52.081827	4.34224	1	Tramhalte	20	20	20	15
657	HLT2698	52.079775	4.343995	1	Tramhalte	20	20	20	15
658	HLT2659	52.0794410241374	4.3450887520639	1	Tramhalte	30	26	35	25
659	HLT2658	52.0791429870559	4.34522409173583	1	Bushalte	30	26	35	25
660	HLT3359	52.0350887372042	4.25429952598057	1	Bushalte	20	15	20	15
661	HLT3358	52.0349639608496	4.25392120665028	1	Bushalte	20	15	20	15
662	HLT3364	52.0318343850798	4.25748128377907	1	Bushalte	20	15	13	8
663	HLT3363	52.0317204523385	4.25706572185834	1	Bushalte	20	15	13	8
664	HLT3372	52.0407195469103	4.26564842466535	1	Bushalte	20	15	20	15
665	HLT3373	52.0403690003177	4.2659705862734	1	Bushalte	20	15	20	15
666	HLT3314	52.0418977585255	4.26378412929844	1	Bushalte	20	15	20	15
667	HLT3313	52.0420880389415	4.26373743228082	1	Bushalte	20	15	20	15
668	HLT3303	52.0385454073903	4.26848260954303	1	Bushalte	20	15	13	8
669	HLT3302	52.0389596616921	4.26812718957008	1	Bushalte	20	15	20	15
670	HLT0936	52.093833	4.281863	1	Tramhalte	20	20	20	15
671	HLT0937	52.093512	4.281185	1	Tramhalte	20	20	20	15
672	HLT0938	52.095622	4.285671	1	Tramhalte	20	20	20	15
673	HLT0939	52.095492	4.285295	1	Bushalte	20	20	20	15
674	HLT1105	52.088976	4.279604	1	Tramhalte	20	20	13	8
675	HLT1104	52.088707	4.279698	1	Tramhalte	20	20	13	8
676	HLT0915	52.092779778757	4.27560303701332	1	Tramhalte	20	15	20	15
677	HLT0916	52.0926908743348	4.27612449659464	1	Tramhalte	20	15	13	8
678	HLT0943	52.094842	4.272585	1	Tramhalte	20	20	13	8
679	HLT0944	52.090842	4.278274	1	Bushalte	20	20	13	8
680	HLT0934	52.0981172509537	4.27365986825458	1	Tramhalte	20	15	20	15
681	HLT0935	52.0983169833286	4.27410226413704	1	Tramhalte	20	15	13	8
682	HLT0901	52.096589	4.27187	1	Tramhalte	20	20	20	15
683	HLT0902	52.096414	4.271524	1	Tramhalte	20	20	20	15
684	HLT0913	52.091171	4.271159	1	Tramhalte	20	20	20	15
685	HLT0914	52.091485	4.271136	1	Tramhalte	20	20	20	15
686	HLT0923	52.088385	4.272191	1	Tramhalte	20	20	20	15
687	HLT0924	52.088323	4.272281	1	Tramhalte	20	20	20	15
688	HLT1102	52.0858280246506	4.27369500341085	1	Tramhalte	20	15	20	15
689	HLT1101	52.0855230992057	4.27374836603618	1	Tramhalte	20	15	20	15
690	HLT3839	52.0663730395546	4.32147481602882	1	Tramhalte	30	30	35	25
691	HLT3840	52.0659206000349	4.32183853742751	1	Tramhalte	30	30	35	25
692	HLT3809	52.0630281963993	4.32524265914755	1	Tramhalte	30	26	35	25
693	HLT3810	52.0626870123569	4.32528575643065	1	Tramhalte	30	26	35	25
694	HLT3823	52.0614648822821	4.32652077388306	1	Tramhalte	30	30	21	11
695	HLT3824	52.0608564358272	4.32693038994864	1	Tramhalte	30	30	21	11
696	HLT3821	52.0587695020662	4.32217594235125	1	Tramhalte	20	18	20	15
697	HLT3822	52.0588305620621	4.32265214318721	1	Tramhalte	20	18	20	15
698	HLT3817	52.0565463746996	4.31599889670209	1	Tramhalte	20	18	20	15
699	HLT3818	52.0562602564394	4.31550825469012	1	Tramhalte	20	18	20	15
700	HLT3841	52.055826	4.311701	1	Tramhalte	20	20	13	8
701	HLT3842	52.05592	4.312078	1	Tramhalte	20	20	13	8
702	HLT3815	52.059802232434	4.33305958799996	1	Tramhalte	20	15	13	8
703	HLT3837	52.0602806790703	4.33455949425791	1	Tramhalte	20	15	20	15
704	HLT3828	52.0619849391485	4.33275974011202	1	Tramhalte	20	15	20	15
705	HLT3827	52.06283193982	4.33216043901418	1	Tramhalte	20	15	20	15
706	HLT3813	52.0646290412442	4.33027223658478	1	Tramhalte	20	15	20	15
707	HLT3814	52.0656724034642	4.32972266941567	1	Tramhalte	20	15	20	15
708	HLT2601	52.0809833848939	4.32307144417475	1	Tramhalte	20	20	20	15
709	HLT2602	52.080549461827	4.32340118909617	1	Tramhalte	30	30	35	25
710	HLT4010	52.0316424774166	4.28596109888534	1	Tramhalte	20	18	20	15
711	HLT4009	52.0312897728364	4.28602077631706	1	Tramhalte	20	18	20	15
712	HLT4012	52.0265003664939	4.29014572974832	1	Tramhalte	20	15	20	15
713	HLT4005	52.0229359150097	4.29406798240413	1	Tramhalte	20	15	20	15
714	HLT4013	52.0199652764202	4.29621953295921	1	Tramhalte	20	18	20	15
715	HLT6022	52.017251181669	4.28964684804139	1	Tramhalte	20	15	13	8
716	HLT6019	52.0172200280674	4.2897112443319	1	Tramhalte	20	15	13	8
717	HLT4014	52.019644995871	4.2950268023853	1	Tramhalte	20	18	20	15
718	HLT4006	52.0218975389346	4.29453479238839	1	Tramhalte	20	15	20	15
719	HLT4011	52.0266348634339	4.28982039964988	1	Tramhalte	20	15	13	8
720	HLT3610	52.0452110950404	4.29036879326267	1	Tramhalte	20	15	13	8
721	HLT3609	52.0453426202389	4.29084923299252	1	Tramhalte	20	15	13	8
722	HLT3614	52.0467632262521	4.29351085667194	1	Tramhalte	20	15	13	8
723	HLT3615	52.0470724294388	4.29385597877335	1	Tramhalte	20	15	13	8
724	HLT3619	52.0497852930612	4.29893869670523	1	Tramhalte	20	15	13	8
725	HLT3618	52.0498752887279	4.29934254326166	1	Tramhalte	20	15	13	8
726	HLT3621	52.0521629642449	4.30339390109792	1	Tramhalte	20	15	13	8
727	HLT3620	52.0518907196246	4.303119029258	1	Tramhalte	20	15	13	8
728	HLT3626	52.0546139891587	4.3076566884411	1	Tramhalte	20	15	20	15
729	HLT3627	52.054410052984	4.30723747248177	1	Tramhalte	20	15	13	8
730	HLT3607	52.0554271168112	4.29902976372799	1	Tramhalte	20	18	13	8
731	HLT3608	52.0558002761432	4.30040591078417	1	Tramhalte	20	18	13	8
732	HLT3702	52.0593523899421	4.30702172293672	1	Tramhalte	20	15	20	15
733	HLT3701	52.0584603956626	4.3056171224461	1	Tramhalte	20	15	20	15
734	HLT3803	52.0628599398347	4.31359887592858	1	Bushalte	20	15	20	15
735	HLT3804	52.0632052825472	4.31359134850555	1	Bushalte	20	15	20	15
736	HLT3603	52.0529969284187	4.29208318971726	1	Tramhalte	20	18	13	8
737	HLT3604	52.0526982889198	4.29133029850567	1	Tramhalte	20	18	20	15
738	HLT3424	52.0480717506776	4.28273455452311	1	Tramhalte	30	26	35	25
739	HLT3425	52.0484351306379	4.283525971448	1	Tramhalte	30	26	35	25
740	HLT3419	52.0466957678033	4.27874724633745	1	Bushalte	20	15	20	15
741	HLT3420	52.0467214789497	4.27898245551016	1	Bushalte	20	15	20	15
742	HLT3426	52.0432076915725	4.28320930982892	1	Bushalte	20	15	20	15
743	HLT3427	52.0433324548764	4.28323497998198	1	Bushalte	20	15	20	15
744	HLT3418	52.044580386111	4.27603769455135	1	Tramhalte	20	18	20	15
745	HLT3417	52.0444460432458	4.27599438015277	1	Tramhalte	20	18	20	15
746	HLT3442	52.0413212582628	4.27768263924243	1	Tramhalte	20	15	20	15
747	HLT3443	52.0419446233877	4.2766803436157	1	Tramhalte	20	15	20	15
748	HLT3336	52.041023555465	4.26914690343151	1	Tramhalte	20	15	13	8
749	HLT3335	52.041175012033	4.26963416873171	1	Tramhalte	20	15	13	8
750	HLT3334	52.0399888500646	4.26740300334122	1	Tramhalte	20	18	20	15
751	HLT3333	52.0395317235399	4.26631248464991	1	Tramhalte	20	18	20	15
752	HLT3331	52.0371046139345	4.26196712673877	1	Tramhalte	20	18	20	15
753	HLT3330	52.0366695771023	4.26093593488453	1	Tramhalte	20	18	20	15
754	HLT3329	52.0350047899301	4.25799218077801	1	Tramhalte	20	18	13	8
755	HLT3328	52.034568	4.257033	1	Tramhalte	20	20	13	8
756	HLT3327	52.0348160890285	4.25744600027258	1	Tramhalte	20	18	13	8
757	HLT3403	52.0529202544227	4.26617699594688	1	Tramhalte	30	20	35	25
758	HLT3404	52.0527236326718	4.26601278824935	1	Tramhalte	30	20	35	25
759	HLT3401	52.0501378329532	4.26255660294023	1	Tramhalte	30	20	35	25
760	HLT3402	52.0500446242387	4.26202096190482	1	Tramhalte	30	20	35	25
761	HLT3311	52.0480386005468	4.25857683441811	1	Tramhalte	30	26	35	25
762	HLT3312	52.0478765954369	4.25808669773781	1	Tramhalte	30	26	35	25
763	HLT3310	52.0460580252304	4.25545308741932	1	Tramhalte	30	20	35	25
764	HLT3309	52.0458960211795	4.2549644410696	1	Tramhalte	20	15	20	15
765	HLT3306	52.0423708252707	4.24939624277494	1	Tramhalte	20	18	20	15
766	HLT3305	52.0425275307326	4.24989225427237	1	Tramhalte	30	26	35	25
767	HLT3350	52.0396574341117	4.24553399940945	1	Tramhalte	30	20	35	25
768	HLT1601	52.0488576045957	4.23575296409578	1	Tramhalte	20	15	13	8
769	HLT1602	52.0490084966219	4.2368439821042	1	Tramhalte	20	15	13	8
770	HLT1607	52.0489009473109	4.23628378233782	1	Tramhalte	20	15	13	8
771	HLT1606	52.0488599187006	4.23631434823904	1	Tramhalte	20	15	13	8
772	HLT1712	52.050754794459	4.23838392748088	1	Tramhalte	30	20	35	25
773	HLT1708	52.0540831731226	4.23928416700908	1	Tramhalte	30	20	35	25
774	HLT1818	52.0545372303567	4.23313537377233	1	Tramhalte	20	15	20	15
775	HLT1805	52.0571403886835	4.22800833751241	1	Tramhalte	20	15	20	15
776	HLT1806	52.0574587330576	4.22783969024404	1	Tramhalte	20	15	20	15
777	HLT1710	52.0553315532249	4.24185053033057	1	Tramhalte	20	15	20	15
778	HLT1709	52.05529024944	4.24148559810765	1	Tramhalte	20	15	20	15
779	HLT1810	52.0565714122458	4.2456756492149	1	Tramhalte	20	18	20	15
780	HLT1811	52.0568295122685	4.24689393187354	1	Tramhalte	20	18	20	15
781	HLT1824	52.0566195539631	4.24566591148049	1	Bushalte	20	15	20	15
782	HLT1218	52.0732024711428	4.26182069866891	1	Tramhalte	30	20	35	25
783	HLT1217	52.0731559690043	4.26137550602631	1	Tramhalte	30	20	35	25
784	HLT1213	52.071423691742	4.2570446250078	1	Tramhalte	30	20	35	25
785	HLT1214	52.0709929044583	4.2556172967802	1	Tramhalte	30	20	35	25
786	HLT1903	52.0694082390614	4.25179505688689	1	Tramhalte	30	20	35	25
787	HLT1904	52.0693231394355	4.25126629398199	1	Tramhalte	30	20	21	11
788	HLT1428	52.0678802003115	4.24575758939678	1	Tramhalte	20	18	20	15
789	HLT1420	52.0671494642636	4.2453926446036	1	Tramhalte	30	26	35	25
790	HLT1419	52.0672991695512	4.24618517285835	1	Tramhalte	30	26	35	25
791	HLT1424	52.0654056006305	4.23984106101593	1	Tramhalte	30	20	35	25
792	HLT1423	52.0652818726605	4.23941253233791	1	Tramhalte	20	15	20	15
793	HLT1415	52.0638378135759	4.23448954184176	1	Tramhalte	20	15	20	15
794	HLT1416	52.0639554540524	4.23484527974758	1	Tramhalte	30	20	35	25
795	HLT1802	52.0627787434137	4.23126174059838	1	Tramhalte	20	15	20	15
796	HLT1801	52.0626508919001	4.23087420092301	1	Tramhalte	30	20	35	25
797	HLT1802	52.0627787434137	4.23126174059838	1	Tramhalte	20	15	20	15
798	HLT1813	52.0607189551488	4.23176702229733	1	Tramhalte	30	20	35	25
799	HLT1812	52.0587719603277	4.23259161699908	1	Tramhalte	20	15	20	15
800	HLT1919	52.0601488670921	4.25422616432674	1	Tramhalte	20	15	20	15
801	HLT1920	52.0605709302396	4.25530482330714	1	Tramhalte	20	15	20	15
802	HLT1922	52.0629544641501	4.26042757667489	1	Tramhalte	20	15	20	15
803	HLT1921	52.062878375424	4.26001262153009	1	Tramhalte	20	15	20	15
804	HLT3204	52.063926	4.262694	1	Tramhalte	20	20	20	15
805	HLT3203	52.063816	4.262493	1	Tramhalte	20	20	20	15
806	HLT3205	52.0653841825349	4.26645978342402	1	Tramhalte	20	15	20	15
807	HLT3206	52.0655318034206	4.26657567880845	1	Tramhalte	20	15	20	15
808	HLT1915	52.0671326073238	4.25825312305633	1	Bushalte	20	15	20	15
809	HLT3101	52.0668751045654	4.2706841576903	1	Tramhalte	20	15	13	8
810	HLT3102	52.0668791265886	4.27110847914211	1	Tramhalte	20	15	20	15
811	HLT3103	52.0684153304045	4.27557705566824	1	Tramhalte	20	18	13	8
812	HLT3104	52.0688012799954	4.27713687133664	1	Tramhalte	20	18	13	8
813	HLT3107	52.069348	4.279025	1	Tramhalte	20	20	20	15
814	HLT3108	52.069656	4.280257	1	Tramhalte	20	20	20	15
815	HLT3130	52.066703983707	4.28179772460977	1	Tramhalte	30	20	35	25
816	HLT3129	52.0669548087595	4.28208906021847	1	Tramhalte	30	20	35	25
817	HLT3115	52.0665716005259	4.28474420965065	1	Tramhalte	20	15	20	15
818	HLT3116	52.0667612947791	4.28503560811391	1	Tramhalte	20	15	20	15
819	HLT3008	52.0686296663827	4.29019221560805	1	Tramhalte	20	15	13	8
820	HLT3005	52.0686974850528	4.2897529881172	1	Tramhalte	20	15	13	8
821	HLT3006	52.0689202936046	4.2894514356678	1	Tramhalte	20	15	13	8
822	HLT3007	52.0684595984931	4.28959400843595	1	Tramhalte	20	15	20	15
823	HLT3002	52.0706476241326	4.28518198439579	1	Tramhalte	20	15	13	8
824	HLT3001	52.0710569018683	4.28463659200617	1	Tramhalte	20	15	20	15
825	HLT2003	52.0750070655983	4.26668548476375	1	Tramhalte	20	18	20	15
826	HLT2004	52.0752132876932	4.26757600141466	1	Tramhalte	30	26	35	25
827	HLT2006	52.0763904431864	4.27066108260943	1	Tramhalte	20	18	20	15
828	HLT2005	52.0764702306618	4.27092313490338	1	Tramhalte	20	18	20	15
829	HLT2010	52.0784098138186	4.27613103201089	1	Tramhalte	30	26	35	25
830	HLT2011	52.078441455012	4.27653143510404	1	Tramhalte	30	26	35	25
831	HLT1120	52.0805678014127	4.28318244828922	1	Tramhalte	20	18	20	15
832	HLT1119	52.0805445091893	4.28261549687307	1	Tramhalte	20	18	20	15
833	HLT2202	52.0823717815948	4.28693708522128	1	Tramhalte	20	15	13	8
834	HLT2201	52.0821071511064	4.28716799702299	1	Tramhalte	20	15	13	8
835	HLT1116	52.0855730947396	4.28283793364544	1	Bushalte	20	15	20	15
836	HLT1114	52.0857117021584	4.28264124444967	1	Bushalte	20	15	20	15
837	HLT1115	52.084434286576	4.28377165350299	1	Tramhalte	20	15	13	8
838	HLT1109	52.0824184882824	4.27752690971781	1	Tramhalte	20	15	20	15
839	HLT1108	52.0825539735308	4.27692826835316	1	Tramhalte	20	15	13	8
840	HLT2101	52.0806121239228	4.28407568359948	1	Tramhalte	20	15	13	8
841	HLT2102	52.0803302693843	4.28436095881858	1	Tramhalte	20	15	13	8
842	HLT1121	52.081223995714	4.28832059691848	1	Tramhalte	20	15	20	15
843	HLT1122	52.0815426573226	4.28807976950059	1	Tramhalte	20	15	20	15
844	HLT2106	52.0786641915949	4.28685620237912	1	Tramhalte	20	15	20	15
845	HLT2105	52.0788272838902	4.28641744362911	1	Tramhalte	20	15	20	15
846	HLT2212	52.0783438996098	4.2924911020294	1	Tramhalte	30	26	35	25
847	HLT2213	52.0780562953435	4.29268462668115	1	Tramhalte	30	26	35	25
848	HLT2211	52.0838659045251	4.29211179134234	1	Tramhalte	20	15	13	8
849	HLT2210	52.0836775371527	4.2917259399045	1	Tramhalte	20	15	13	8
850	HLT2216	52.0805205815206	4.29724682595469	1	Tramhalte	20	18	20	15
851	HLT2217	52.0804108177031	4.29764073322872	1	Tramhalte	20	18	13	8
852	HLT2801	52.0787161138995	4.3037775928451	1	Tramhalte	20	15	20	15
853	HLT2802	52.0785607423589	4.30428214908008	1	Tramhalte	20	15	20	15
854	HLT2806	52.0805263659409	4.31099344641348	1	Tramhalte	20	18	13	8
855	HLT2805	52.0804469286304	4.31052120390659	1	Tramhalte	20	18	20	15
856	HLT2804	52.0803314263647	4.30965005172926	1	Tramhalte	20	15	20	15
857	HLT2803	52.0810076738751	4.30911230166878	1	Tramhalte	20	15	20	15
858	HLT2306	52.0881653341001	4.30487953968572	1	Bushalte	20	18	13	8
859	HLT2305	52.0851616668743	4.30603573940636	1	Bushalte	20	18	20	15
860	HLT2308	52.0848647684912	4.30615973125419	1	Tramhalte	20	18	20	15
861	HLT2301	52.0872714758825	4.30368833598604	1	Tramhalte	30	20	35	25
862	HLT2302	52.0874502735936	4.30369781268314	1	Tramhalte	20	15	20	15
863	HLT0921	52.096308	4.285975	1	Tramhalte	20	20	13	8
864	HLT0922	52.096103	4.28617	1	Tramhalte	20	20	13	8
865	HLT1001	52.0929055257897	4.29007124343349	1	Tramhalte	20	15	13	8
866	HLT1002	52.0932109006282	4.28989421626714	1	Tramhalte	20	15	13	8
867	HLT0508	52.087288	4.298133	1	Tramhalte	20	20	13	8
868	HLT0509	52.087251	4.29901	1	Tramhalte	20	20	13	8
869	HLT0507	52.08725	4.297872	1	Bushalte	20	20	20	15
870	HLT2832	52.0778168554711	4.31451922044626	1	Bushalte	30	30	35	25
871	HLT2833	52.0783222818193	4.31391700558511	1	Tramhalte	30	30	21	11
872	HLT2851	52.0751942881006	4.31942599757744	1	Tramhalte	30	30	21	11
873	HLT2919	52.0633487916112	4.30086783315109	1	Tramhalte	30	26	35	25
874	HLT2932	52.0661873862651	4.29803447053404	1	Tramhalte	30	26	35	25
875	HLT2931	52.0665479872153	4.29785211885518	1	Tramhalte	30	26	35	25
876	HLT2932	52.0661873862651	4.29803447053404	1	Tramhalte	20	18	20	15
877	HLT2911	52.0669871709204	4.2978166457898	1	Tramhalte	20	18	20	15
878	HLT2912	52.0671015869102	4.29813618717973	1	Tramhalte	20	18	20	15
879	HLT2908	52.0680768036764	4.29589548751943	1	Tramhalte	30	26	35	25
880	HLT2935	52.0685061712753	4.29411872081483	1	Tramhalte	20	18	20	15
881	HLT2934	52.0696516803254	4.294348900516	1	Tramhalte	20	18	13	8
882	HLT2822	52.0726116890562	4.29962456273991	1	Tramhalte	30	30	35	25
883	HLT2820	52.0732866648799	4.29920311596587	1	Tramhalte	30	30	35	25
884	HLT2821	52.0735136267444	4.30313565251386	1	Bushalte	20	15	20	15
885	HLT2875	52.0735100182807	4.30385727528728	1	Bushalte	20	15	20	15
886	HLT2824	52.0736092257748	4.30357370717929	1	Tramhalte	30	30	35	25
887	HLT2823	52.0738405531036	4.30461894534549	1	Tramhalte	30	30	35	25
888	HLT2818	52.0781938015112	4.30943079705871	1	Tramhalte	20	15	13	8
889	HLT2819	52.0778470978756	4.30880789899222	1	Tramhalte	20	15	13	8
890	HLT2828	52.0750057343175	4.30742433823409	1	Bushalte	30	26	35	25
891	HLT2826	52.073735331654	4.30533818485168	1	Tramhalte	20	15	20	15
892	HLT2825	52.0730302725327	4.30580331593658	1	Tramhalte	20	15	13	8
893	HLT2917	52.0703067384793	4.30732470016771	1	Tramhalte	20	18	20	15
894	HLT2918	52.0702800558138	4.30696997485257	1	Tramhalte	20	18	20	15
895	HLT2916	52.0687964216708	4.30250206144108	1	Tramhalte	20	15	13	8
896	HLT2915	52.0688248192272	4.30293087196675	1	Tramhalte	20	15	13	8
897	HLT3213	52.0620242486526	4.27025394396136	1	Tramhalte	30	26	35	25
898	HLT3214	52.0621872123039	4.27075592073027	1	Tramhalte	30	26	35	25
899	HLT3109	52.064685567035	4.27735565499042	1	Tramhalte	30	26	35	25
900	HLT3110	52.0646110365272	4.27679163721481	1	Tramhalte	30	26	35	25
901	HLT3003	52.0709703839137	4.28528489466203	1	Tramhalte	30	26	35	25
902	HLT3004	52.071145230252	4.28629579374744	1	Tramhalte	30	26	35	25
903	HLT2902	52.0730381923441	4.29163895337862	1	Tramhalte	20	15	13	8
904	HLT2901	52.0732868854276	4.29165485674974	1	Tramhalte	20	15	20	15
905	HLT2904	52.0731220821988	4.29336264519704	1	Tramhalte	30	26	35	25
906	HLT2903	52.0729876009843	4.29233610024431	1	Tramhalte	30	26	35	25
907	HLT2712	52.0754389175972	4.32826349303679	1	Tramhalte	20	15	20	15
908	HLT2711	52.0751539685896	4.32811077721346	1	Tramhalte	20	15	20	15
909	HLS0201	52.083326	4.326885	1	Bushalte	20	20	13	8
910	HLS0200	52.082702	4.328519	1	Bushalte	20	20	13	8
911	HLT2872	52.0793821712023	4.32403155918895	1	Tramhalte	50	30	65	45
912	HLT2871	52.0791908978823	4.32325560403187	1	Tramhalte	30	20	21	11
913	HLT2928	52.0659175674772	4.31475339727651	1	Tramhalte	30	26	35	25
914	HLT2927	52.0662067081426	4.31493321099476	1	Tramhalte	30	26	35	25
915	HLT2924	52.061490925532	4.30938797801223	1	Tramhalte	20	20	20	15
916	HLT2921	52.0614889846544	4.3083905418252	1	Tramhalte	30	30	21	11
917	HLT2922	52.0615763714944	4.30929550468393	1	Tramhalte	40	40	50	35
918	HLT2706	52.071887	4.32437	1	Tramhalte	30	30	35	25
919	HLT2710	52.0708566604853	4.32539118864927	1	Tramhalte	20	15	13	8
920	HLT2709	52.0695560304559	4.32650293078902	1	Tramhalte	20	15	13	8
921	HLT3847	52.068526848567	4.3226077914308	1	Bushalte	20	18	20	15
922	HLT3846	52.0687325197534	4.32281645693872	1	Bushalte	20	18	13	8
923	HLT2708	52.0731929598394	4.3250757524626	1	Tramhalte	20	15	20	15
924	HLT2707	52.0732546151941	4.32451133450616	1	Tramhalte	20	15	20	15
925	HLT2715	52.0724853827767	4.3233640371818	1	Tramhalte	20	15	20	15
926	HLT2705	52.071548	4.324626	1	Tramhalte	20	20	13	8
927	HLT2706	52.071887	4.32437	1	Tramhalte	20	20	20	15
928	HLT2604	52.0805050567251	4.32328502360524	1	Tramhalte	20	20	20	15
929	HLT2862	52.0780949005159	4.31677521758497	1	Tramhalte	20	20	20	15
930	HLT2863	52.0779682309886	4.31599193216493	1	Tramhalte	20	20	13	8
931	HLT3801	52.06822467169	4.32774757388169	1	Tramhalte	20	15	13	8
932	HLT3802	52.0679019649761	4.32794628056496	1	Tramhalte	20	15	20	15
933	HLT0311	52.1003604130588	4.30126124557253	1	Bushalte	20	15	20	15
934	HLT0312	52.1007369246396	4.30148787975103	1	Bushalte	20	15	20	15
935	HLT0305	52.1027728036548	4.30097423457466	1	Bushalte	20	15	13	8
936	HLT0306	52.1031613720894	4.30138202257336	1	Bushalte	20	15	13	8
937	HLT0227	52.1072844019843	4.30066410479831	1	Bushalte	20	15	20	15
938	HLT0228	52.1067879367038	4.30122502827883	1	Bushalte	20	15	20	15
939	HLT0703	52.1079951946561	4.2771075162535	1	Tramhalte	20	15	20	15
940	HLT0702	52.107691316095	4.27720791645998	1	Tramhalte	20	15	13	8
941	HLT0707	52.111205161409	4.28101729092274	1	Tramhalte	20	15	20	15
942	HLT0706	52.1111752787205	4.28074796560509	1	Tramhalte	20	15	20	15
943	HLT0749	52.1110008280486	4.28052594374643	1	Tramhalte	20	15	20	15
944	HLT0750	52.1110936227691	4.28083599550796	1	Tramhalte	20	15	20	15
945	HLT0202	52.113077	4.28362	1	Tramhalte	20	20	20	15
946	HLT0204	52.113566970972	4.2838323827641	1	Tramhalte	20	18	20	15
947	HLT0213	52.116806	4.28931	1	Tramhalte	20	20	13	8
948	HLT0212	52.116761	4.289282	1	Tramhalte	20	20	13	8
949	HLT0214	52.116843	4.289382	1	Tramhalte	20	20	13	8
950	HLT0215	52.116897	4.28941	1	Tramhalte	20	20	13	8
951	HLT0216	52.116942	4.289453	1	Tramhalte	20	20	13	8
952	HLT0203	52.116663	4.288501	1	Tramhalte	20	20	20	15
953	HLT0207	52.115844	4.289232	1	Tramhalte	20	20	13	8
954	HLT0211	52.11667	4.288233	1	Tramhalte	20	20	20	15
955	HLT0801	52.08771	4.252349	1	Tramhalte	20	20	20	15
956	HLT0809	52.087791	4.252376	1	Bushalte	20	20	20	15
957	HLT0802	52.088161	4.252527	1	Tramhalte	20	20	13	8
958	HLT0811	52.0877308302979	4.25237372954615	1	Tramhalte	20	15	20	15
959	HLT0805	52.0861	4.255965	1	Tramhalte	20	20	20	15
960	HLT0806	52.086294	4.255624	1	Tramhalte	20	20	13	8
961	HLT1302	52.0843329164547	4.2583029190032	1	Tramhalte	20	15	20	15
962	HLT1301	52.0850836547605	4.25747708767903	1	Tramhalte	20	15	13	8
963	HLT1205	52.0804137166609	4.26007817401344	1	Tramhalte	20	15	20	15
964	HLT1206	52.0802084221086	4.26041744342401	1	Tramhalte	20	15	20	15
965	HLT1211	52.0766044367726	4.26381920345304	1	Tramhalte	20	15	20	15
966	HLT1212	52.0764444199528	4.26414178534703	1	Tramhalte	20	15	20	15
967	HLT2007	52.0765475363912	4.27196717188878	1	Tramhalte	20	15	20	15
968	HLT2008	52.0764040219867	4.27228439332052	1	Tramhalte	20	15	20	15
969	HLT2015	52.076007	4.27498	1	Tramhalte	20	20	20	15
970	HLT2016	52.076012	4.27552	1	Tramhalte	20	20	20	15
971	HLT2104	52.0754371575503	4.28003852588757	1	Tramhalte	20	15	20	15
972	HLT2103	52.0756933546766	4.27994465741407	1	Tramhalte	20	15	20	15
973	HLT2107	52.0739696784526	4.28141979160522	1	Tramhalte	20	15	13	8
974	HLT2108	52.0734483970242	4.28171420219583	1	Tramhalte	20	15	20	15
975	HLT9115	51.9807166048806	4.3503384386654	1	Tramhalte	20	15	13	8
976	HLT9117	51.9807282029349	4.34984114131405	1	Tramhalte	20	15	13	8
977	HLS0011	51.980909	4.350254	1	Bushalte	20	20	13	8
978	HLT9114	51.9812835003891	4.34172475095003	1	Tramhalte	20	15	13	8
979	HLT9113	51.9805589184495	4.34185550161043	1	Tramhalte	20	15	13	8
980	HLT9112	51.9844555740439	4.34386984598392	1	Tramhalte	20	15	13	8
981	HLT9111	51.984492451082	4.34340908642432	1	Tramhalte	20	15	13	8
982	HLT9110	51.9904382380822	4.3445546140956	1	Tramhalte	20	15	13	8
983	HLT9109	51.989599417029	4.34440678289589	1	Tramhalte	20	15	13	8
984	HLT9108	51.9950159296487	4.34451576358489	1	Tramhalte	20	18	13	8
985	HLT9107	51.9951163875405	4.34438170807049	1	Tramhalte	20	18	13	8
986	HLT9136	51.9963181966809	4.34964855010991	1	Tramhalte	20	15	13	8
987	HLT9137	51.9964440182983	4.35095978841503	1	Tramhalte	20	15	13	8
988	HLT9104	51.9992922928571	4.35476511156093	1	Tramhalte	20	15	13	8
989	HLT9103	51.9988797312424	4.35471495962988	1	Tramhalte	20	15	13	8
990	HLS0388	52.002464	4.354358	1	Bushalte	20	20	13	8
991	HLS0389	52.002179	4.353549	1	Bushalte	30	30	21	11
992	HLS0055	51.992229	4.356705	1	Bushalte	20	20	13	8
993	HLS0390	51.992229	4.356705	1	Bushalte	20	20	13	8
994	HLS0116	52.008413	4.364431	1	Bushalte	20	20	13	8
995	HLS0117	52.008108	4.363506	1	Bushalte	20	20	13	8
996	HLT9017	52.0073405197168	4.35748072231318	1	Tramhalte	20	20	13	8
997	HLT9018	52.0080730919735	4.35704690017701	1	Tramhalte	30	30	21	11
998	HLT9010	52.0120082910084	4.35338660514552	1	Tramhalte	20	15	13	8
999	HLT9009	52.0117399481645	4.35348555332166	1	Tramhalte	20	15	13	8
1000	HLT9005	52.0172184527924	4.35228215083707	1	Tramhalte	20	15	13	8
1001	HLT9006	52.0174807751163	4.35269675363325	1	Tramhalte	20	15	13	8
1002	HLT9003	52.0237858746867	4.35150469184953	1	Tramhalte	20	18	13	8
1003	HLT9004	52.0239712641758	4.35152274890028	1	Tramhalte	20	18	13	8
